-0.9252821, -0.2066188, 0.112787, -0.3663218, 0.5120443, -0.1267674,
0.5918958, 0.5120443, -0.3663218, -1.0051336, 0.8314502, -1.6439454,
1.470262, -0.3663218, 0.2724899, 1.470262, -0.5260247, 1.629965,
0.7515988, -0.1267674, -1.9633513, 0.0329355, -1.0849851, -1.244688,
1.3904105, 0.5918958, -0.2864703, -0.2864703, -0.0469159, 0.4321929,
-0.7655792, -1.244688, 0.9911532, 1.1508561, -0.3663218, 1.5501135,
-0.7655792, 0.5120443, 1.8695194, -0.1267674, 0.4321929, 0.5918958,
-0.1267674, -1.3245395, -0.4461733, -0.9252821, 1.1508561, 1.7896679,
0.112787, -0.2864703, -1.0849851, -1.3245395, 0.1926384, -1.1648365,
-0.4461733, 0.112787, -0.2066188, 0.2724899, 0.3523414, -1.0051336,
-1.5640939, 0.112787, -0.2066188, -0.6058762, -0.6058762, -0.0469159,
-0.2864703, -0.9252821, -0.9252821, -0.5260247, 1.3105591, -0.6058762,
-1.6439454, 0.9113017, -1.4043909, 0.9911532, 1.3105591, -0.0469159,
0.4321929, 0.5918958, 0.5918958, 1.629965, 1.470262, -1.8036483,
0.0329355, -0.8454306, 0.1926384, 0.4321929, 0.9911532, -0.3663218,
-0.3663218, 1.3105591, 0.4321929, 0.5918958, -0.4461733, 0.8314502,
-0.2864703, -0.6857277, -0.8454306, -1.6439454, -0.7655792, -2.1230542,
-1.244688, 2.5881827, -0.6857277, -0.0469159, -0.3663218, 1.0710047,
-0.3663218, -0.4461733, -0.6857277, -0.0469159, 0.9113017, 0.9911532,
-0.4461733, -0.6857277, -1.0849851, -0.1267674, 0.5120443, -1.0051336,
0.112787, 1.2307076, -0.2864703, 0.5918958, 0.112787, 0.7515988,
-0.2066188, -0.3663218, -0.7655792, -1.5640939, -1.0849851, 0.4321929,
-0.6857277, -0.7655792, 0.6717473, -1.244688, 0.3523414, 1.1508561,
2.0292223, -0.5260247, 0.0329355, 0.7515988, -0.0469159, 1.7896679,
0.112787, 0.112787, -0.2066188, 0.4321929, -1.0051336, 0.112787,
-0.6857277, 0.0329355, -0.2066188, -0.4461733, -0.6058762, 1.7896679,
-1.0849851, 0.9113017, -0.2066188, -0.0469159, 1.0710047, -0.2066188,
1.8695194, 0.4321929, -0.0469159, 1.7896679, -0.9252821, 0.9113017,
1.2307076, 0.9113017, -0.6857277, 1.7098164, -0.3663218, -1.1648365,
-0.3663218, -0.6058762, -1.3245395, -1.0051336, 0.8314502, 1.2307076,
1.7896679, -0.4461733, -0.5260247, 0.112787, 1.629965, 0.9911532,
-1.0051336, 1.5501135, -0.0469159, -1.7237968, 0.6717473, -0.8454306,
-1.0051336, 0.5120443, -1.8036483, -1.0051336, 0.112787, 1.470262,
0.5120443, -0.7655792, 1.0710047, 1.3105591, 1.1508561, 0.5120443,
0.9113017, 1.2307076, 1.0710047, -0.9252821, 0.1926384, 0.1926384,
-0.0469159, 0.6717473, 0.4321929, 0.1926384, 0.5918958, -0.0469159,
-0.5260247, -0.2864703, 0.7515988, 0.112787, -1.4842424, 0.5120443,
0.6717473, 1.7896679, -0.0469159, 1.9493709, 1.629965, -1.0051336,
-0.2864703, 0.5120443, 0.4321929, 0.6717473, 0.8314502, -0.7655792,
1.7896679, -0.6058762, -1.244688, 1.7896679, 0.0329355, 1.629965,
-0.7655792, -0.6857277, 2.34862828, 0.99115323, 0.03293554, -0.60587625,
1.23070765, -0.60587625, -0.7655792, -0.12676741, 0.59189586,
-0.04691593, 0.67174733, -0.12676741, 0.11278701, 0.43219291,
0.7515988, 0.59189586, 1.39041059, 1.62996502, 0.91130175, 0.99115323,
-0.68572773, -0.7655792, 1.94937091, -1.16483657, -0.60587625,
2.10907386, 0.19263849, 0.59189586, 0.7515988, -1.40439099, 2.02922239,
0.43219291, -0.68572773, -0.92528215, 1.15085617, 0.35234143,
0.43219291, -0.20661888, 1.55011354, -0.60587625, 2.18892533,
0.19263849, 0.67174733, 1.70981649, -1.88349983, 0.03293554,
1.62996502, -0.366321, 0.1926384, 0.7515988, 1.629965, -0.0469159,
-0.1267674, 1.3904105, 1.3105591, -0.2066188, -0.2864703, 0.2724899,
2.0292223, 2.0292223, 1.5501135, 0.9113017, 1.5501135, 1.9493709,
0.3523414, 0.8314502, 1.5501135, 1.1508561, 1.3105591, -0.1267674,
1.2307076, 0.5120443, -0.3663218, 0.9113017, 0.9911532, -0.2864703,
-0.4461733, 0.5120443, 0.5120443, 0.8314502, 0.5918958, 0.5918958,
1.3904105, 0.0329355, 1.629965, 1.7896679, 0.5918958, 1.470262,
2.2687768, 0.112787, 1.470262, -0.9252821, 1.3904105, 0.8314502,
-0.28647, -1.0051336, 2.1090738, 0.2724899, 1.470262, 2.2687768,
0.5918958, -0.6857277, 0.112787, 0.7515988, 0.4321929, 1.1508561,
1.3904105, 1.7098164, 0.9911532, -0.1267674, -1.0849851, 1.7896679,
1.3904105, 0.1926384, -1.1648365, 0.9113017, -0.2066188, 1.5501135,
-0.1267674, 1.2307076, -0.4461733, -1.4842424, 1.1508561, 0.4321929,
0.5918958, 0.3523414, 0.112787, 0.1926384, 0.112787, -0.6058762,
1.3904105, 0.3523414, 1.7098164, 0.3523414, 0.5918958, -0.0469159,
0.0329355, 1.8695194, 0.5918958, 0.9113017, 0.112787, 1.94937,
-0.206618, -0.126767, -0.28647, -0.206618, 2.109073, -1.40439,
1.150856, -0.046915, -0.366321, 0.591895, 0.432192, 0.512044,
0.512044, -0.206618, -1.084985, -0.605876, -1.244688, -0.28647,
-0.765579, 1.071004, -0.446173, -1.084985, 1.230707, 0.83145,
-1.40439, -0.526024, -0.446173, 0.032935, 0.751598, -1.244688,
0.751598, 0.83145, 0.112787, -0.046915, 0.032935, 0.352341, -0.366321,
-0.526024, 0.352341, 0.591895, -1.643945, -0.446173, -1.883499,
-1.084985, -0.765579, -0.446173, -0.92528, -0.84543, -0.605876,
1.789667, -0.925282, -0.84543, -0.84543, -0.605876, -1.643945,
-0.126767, -0.765579, -1.324539, -0.126767, 1.550113, -1.723796,
-0.925282, -0.925282, -0.366321, -0.925282, -1.40439, -1.40439,
0.83145, -1.883499, 0.512044, 0.352341, -0.28647, -1.723796,
-0.685727, -1.963351, -1.164836, -0.366321, -0.366321, 1.230707,
-0.046915, -0.28647, 0.352341, -0.84543, -1.883499, -0.366321,
-1.883499, -1.164836, 0.272489, 0.192638, 0.192638, -1.244688,
-1.244688, 0.192638, 0.512044, -1.8834998, -0.8454306, -0.5260247,
-1.0051336, 0.9911532, -0.2864703, -1.5640939, 0.7515988, -0.5260247,
0.9911532, -0.7655792, 0.8314502, -1.8036483, -2.0432027, 0.9911532,
-0.7655792, -1.0051336, -1.0051336, 0.0329355, -1.8834998, -0.2864703,
-1.9633513, 1.0710047, -1.7237968, -0.9252821, 0.4321929, 2.2687768,
-0.1267674, 1.1508561, 0.3523414, 1.7896679, -0.6857277, -1.1648365,
-0.5260247, -0.0469159, 1.2307076, 2.1090738, -0.2066188, -0.4461733,
0.112787, -1.3245395, 1.8695194, 0.4321929, 2.1889253, 0.6717473,
-1.9633513, -0.36632, 0.671747, 0.192638, -0.685727, -0.84543,
0.751598, -0.685727, -1.40439, 0.83145, -0.765579, -0.526024,
-0.925282, 1.310559, 0.991153, 0.83145, -1.084985, -0.84543,
-0.28647, 0.352341, -0.046915, 0.112787, -0.126767, -0.446173,
1.071004, -0.28647, -1.164836, -0.84543, 0.192638, 0.272489,
-0.046915, -0.206618, -1.643945, 0.671747, -1.963351, -2.123054,
-2.123054, -0.605876, -1.564093, 0.751598, -1.564093, -0.206618,
-1.244688, -1.084985, 0.352341, 0.032935, 1.150856, -0.126767,
-0.84543, -1.084985, -0.765579, 0.512044, -0.126767, -0.84543,
-0.28647, -0.366321, -0.685727, -0.685727, -1.564093, 0.432192,
-0.28647, 0.192638, -0.526024, -0.765579, -0.526024, 0.032935,
0.83145, -0.046915, -0.605876, -0.925282, 0.911301, -0.685727,
0.512044, -1.084985, -0.206618, -0.685727, -2.123054, -0.366321,
0.591895, -0.366321, -0.925282, -1.564093, -0.526024, -0.605876,
-1.40439, 0.192638, -1.164836, -1.164836, -1.963351, 0.272489,
-0.605876, 0.352341, 1.310559, -0.046915, 0.192638, 0.59189,
0.352341, -0.925282, -0.126767, 0.991153, -0.925282, -1.803648,
-0.685727, -1.164836, 0.591895, 0.911301, -0.446173, -0.446173,
1.310559, 0.27249, 0.192638, -1.324539, 0.27249, -0.605876, 1.470262,
-0.685727, 1.470262, -1.404391, 0.352341, 1.071004, -1.164836,
-0.366321, -1.164836, -1.164836, -0.366321, -0.366321, -1.164836,
0.83145, -0.126767, -0.366321, -0.446173, -1.005133, -1.164836,
-0.206618, -0.446173, -1.244688, -0.84543, 0.27249, -0.446173,
-1.484242, 0.112787, -0.366321, 0.67174, -0.366321, 0.991153,
0.352341, -1.723796, -0.526024, 0.671747, -0.28647, 0.591895,
-1.40439, 1.94937, -0.446173, -1.005133, 0.591895, 0.911301,
-2.043202, -0.765579, -1.244688, -1.803648, -0.126767, -0.765579,
-0.765579, -1.324539, 1.629965, 0.112787, 0.432192, 0.751598,
-1.883499, 0.032935, -0.685727, -1.564093, 0.192638, 0.512044,
0.591895, -1.005133, -0.84543, 0.991153, -0.126767, 0.991153,
-1.005133, -1.40439, -1.005133, 0.272489, -1.005133, 0.911301,
0.032935, -0.84543, 0.03293, -1.084985, 0.192638, 0.751598, -0.685727,
1.709816, -0.366321, -1.084985, -1.40439, -0.605876, -1.244688,
-1.324539, 0.352341, -0.206618, 0.991153, -1.005133, -0.925282,
0.352341, -0.84543, -0.366321, -1.005133, -0.605876, 0.112787,
-1.643945, -1.164836, -0.366321, -1.244688, -0.605876, -0.765579,
-1.324539, -1.084985, -1.084985, -0.526024, -1.244688, 0.032935,
0.192638, -0.366321, -1.40439, -1.40439, -1.723796, -1.244688,
0.192638, -0.28647, -1.244688, -0.206618, -1.40439, -1.484242,
-1.08498, -0.28647, -1.164836, -1.244688, -1.484242, -1.244688,
-0.84543, -0.206618, -0.366321, -0.765579, -1.40439, 0.112787,
-0.046915, -1.963351, -0.526024, -0.605876, 0.671747, -0.925282,
-1.164836, -1.005133, 0.192638, -1.005133, -1.484242, -0.526024,
-1.005133, 0.751598, -0.605876, 1.709816, 0.83145, -0.046915,
-0.046915, 1.230707, 0.671747, 0.192638, -0.366321, 1.150856,
-0.925282, 1.709816, -0.765579, -1.084985, -0.28647, 0.432192,
1.550113, 0.192638, 1.550113, -1.164836, 0.512044, -0.20661,
-0.206618, -0.605876, 0.352341, 1.150856, 0.432192, 0.83145,
-0.765579, -0.206618, 0.432192, 0.512044, -0.206618, 0.112787,
1.470262, 0.911301, 0.83145, 0.032935, 1.071004, 0.432192, 0.112787,
0.512044, -0.925282, -0.765579, 0.83145, 0.591895, 0.272489,
0.751598, -0.84543, -0.206618, 1.230707, 1.709816, 0.032935,
1.230707, 0.911301, -0.28647, -1.164836, 1.150856, -1.244688,
0.591895, -0.526024, -0.605876, 0.112787, 2.029222, -0.526024,
-0.605876, 0.272489, -1.244688, 0.19263, -0.925282, 0.591895,
-0.925282, -1.564093, 0.272489, 0.591895, 0.911301, 0.112787,
0.032935, 0.272489, 0.512044, 1.071004, 0.272489, -0.28647, 1.39041,
-1.244688, 2.508331, 1.230707, -1.564093, -0.046915, -1.244688,
0.671747, -1.643945, 2.188925, -1.564093, -0.366321, 1.150856,
2.827737, 0.911301, -1.164836, 0.911301, 1.071004, 2.188925,
-0.126767, 1.310559, 1.310559, 1.230707, 0.352341, -1.244688,
-1.164836, -1.244688, 1.629965, 1.470262, -0.28647, -1.084985,
1.150856, -0.52602, 2.98744, 3.5464, 2.188925, 0.272489, 0.751598,
-0.925282, 0.272489, -1.084985, -1.005133, 0.432192, -0.28647,
0.991153, 0.991153, 0.352341, -0.925282, -0.366321, -0.685727,
0.671747, 0.112787, -1.005133, -0.446173, -1.005133, -0.206618,
0.272489, -0.765579, 1.39041, 0.352341, -0.366321, -1.40439,
1.789667, 0.671747, -0.206618, 0.991153, 0.272489, 0.591895,
-0.046915, -1.643945, -0.28647, -1.164836, -0.765579, -1.005133,
-0.765579, 0.432192, -0.925282, -0.206618, -0.84543, -0.68572,
0.032935, -0.685727, 0.192638, 0.991153, 0.112787, -0.925282,
-0.28647, -0.526024, -0.84543, 0.352341, -1.324539, -1.084985,
0.112787, -0.366321, 1.310559, 1.310559, 0.591895, -0.206618,
-1.484242, -1.324539, 1.550113, 0.272489, -2.123054, 0.751598,
0.512044, -1.643945, 1.869519, -0.28647, -1.643945, -1.005133,
-0.046915, -1.723796, 0.352341, 0.911301, -0.605876, -0.28647,
0.432192, -0.605876, 0.112787, -0.206618, -0.925282, -0.046915,
1.230707, 0.991153, -1.484242, 0.911301, -1.64394, 0.751598,
0.671747, 0.192638, -1.244688, -1.244688, -0.526024, -0.28647,
0.112787, 0.991153, 0.432192, 1.150856, -0.84543, -0.765579,
0.112787, 0.991153, 0.192638, -0.28647, 1.150856, 1.310559, 0.911301,
-0.526024, -0.28647, 0.591895, -0.126767, -0.366321, -1.244688,
-0.28647, 0.83145, 0.591895, -0.685727, -0.126767, -1.244688,
-1.084985, 0.591895, 2.268776, -1.324539, 1.39041, 0.032935,
0.911301, -0.685727, 0.192638, 0.991153, -0.925282, 0.512044,
-0.206618, 1.789667, 1.31055, 1.709816, 1.789667, -0.28647, 0.352341,
-0.84543, 2.188925, -0.84543, 0.032935, 0.432192, -0.765579,
0.751598, 0.112787, 0.911301, 1.39041, -0.84543, -0.28647, -0.765579,
0.432192, 0.671747, 0.192638, -0.28647, -2.043202, -1.883499,
0.83145, -1.643945, 1.789667, -0.605876, 1.230707, -2.123054,
0.352341, -1.324539, -1.484242, 1.550113, 1.709816, 1.789667,
-1.484242, -1.40439, 1.709816, -0.28647, -1.164836, -0.685727,
0.671747, 0.671747, -0.366321, -0.366321, 0.512044, 0.11278,
1.071004, 0.751598, 1.629965, -0.046915, 0.991153, 0.591895,
0.911301, 0.83145, 0.591895, -0.28647, 0.192638, -1.005133, -0.28647,
-0.526024, 1.150856, 1.230707, -0.685727, -0.526024, -0.126767,
1.150856, -0.28647, -0.685727, -1.005133, -1.564093, 1.150856,
-1.084985, 0.272489, -0.685727, 1.230707, 1.629965, 0.512044,
0.83145, 0.432192, 0.272489, -0.206618, -0.206618, -1.564093,
1.310559, -1.564093, 0.112787, -1.564093, 1.789667, -0.84543,
-0.925282, 1.39041, -0.366321, -0.84543, -0.765579, -0.765579,
0.591895, -1.723796, -1.723796, -1.643945, 0.512044, -1.084985,
0.352341, 0.911301, 0.83145, -1.484242, -0.446173, -1.084985,
-1.803648, 0.512044, 0.512044, -0.685727, -0.765579, -0.046915,
-0.526024, -1.484242, -1.164836, 2.268776, 1.071004, 1.150856,
0.192638, -0.925282, 0.911301, 0.751598, 0.591895, -0.28647,
0.991153, 0.112787, -0.446173, 0.512044, 0.751598, 0.192638,
1.94937, -0.605876, 0.272489, 0.192638, 2.268776, 0.83145, 0.751598,
-0.126767, -0.20661, -0.28647, -0.126767, -1.324539, -0.84543,
0.032935, 0.671747, -1.643945, 0.432192, 0.192638, -0.925282,
-0.765579, 0.751598, 0.112787, -0.685727, -0.366321, 0.272489,
-0.126767, -1.803648, -1.484242, -1.164836, -0.765579, 0.112787,
-0.765579, -0.685727, -0.765579, -1.244688, -0.925282, 0.112787,
-1.643945, -1.40439, -0.28647, 0.192638, -0.046915, 0.591895,
-1.564093, 1.230707, 0.911301, -0.925282, -0.28647, 0.911301,
-0.28647, 1.150856, -0.046915, 0.432192, -0.126767, 1.869519,
-0.92528, -0.925282, -0.84543, 0.591895, -1.244688, -0.925282,
2.188925, 0.751598, -1.723796, 1.629965, 0.991153, 0.112787,
-0.84543, -1.723796, -0.605876, 0.112787, -1.084985, -1.244688,
-1.244688, 0.032935, 0.432192, -1.643945, -1.244688, 1.39041,
-0.925282, -1.40439, 0.352341, 1.150856, -0.366321, 0.192638,
-1.164836, -0.366321, -1.244688, -1.084985, 1.550113, -0.685727,
0.911301, 1.230707, 0.192638, -0.925282, -1.40439, 0.751598,
-0.366321, 0.751598, -0.206618, 0.591895, 0.751598, -0.36632,
-0.126767, -0.685727, -0.446173, -0.046915, -0.925282, 0.032935,
-1.244688, 0.112787, -0.126767, -0.126767, 0.432192, 1.94937,
0.83145, 0.112787, -1.005133, 2.109073, -0.84543, 1.629965, -0.446173,
1.39041, 0.751598, -0.28647, 0.512044, -1.005133, -0.28647, 0.432192,
-0.685727, 0.272489, -0.446173, 1.470262, 0.751598, 0.512044,
-0.526024, 1.230707, -1.005133, 1.550113, 0.911301, -0.366321,
-1.084985, 0.352341, 0.751598, 0.432192, -1.963351, 1.071004,
1.550113, 0.991153, -1.64394, -0.765579, 1.550113, 1.071004,
0.512044, 1.869519, -1.164836, 0.991153, 0.112787, -0.84543,
0.192638, -0.526024, -1.164836, -2.043202, 1.869519, 0.032935,
-1.40439, 0.192638, 0.272489, -0.765579, -1.084985, -0.126767,
1.150856, 1.629965, -0.366321, 1.150856, -0.925282, 0.671747,
-1.963351, -1.803648, 0.83145, 0.112787, -1.803648, -0.446173,
0.991153, 1.230707, 0.991153, -0.206618, 0.671747, -0.605876,
1.550113, -0.28647, -1.963351, 1.230707, 1.39041, -0.526024,
-1.244688, -0.36632, 1.310559, -1.963351, 1.629965, -1.324539,
-1.803648, -0.28647, 1.869519, 1.470262, 1.550113, -0.446173,
-1.963351, 1.470262, 0.512044, -1.883499, -1.883499, -0.605876,
-0.366321, -1.084985, -0.366321, 1.230707, 0.512044, 1.071004,
-0.765579, -1.244688, -0.526024, -1.244688, -0.605876, -1.40439,
-0.526024, 0.671747, 1.94937, 0.512044, 0.352341, -1.244688,
-0.366321, 1.550113, -1.564093, -0.366321, 0.911301, 2.348628,
1.629965, 0.671747, 0.991153, -0.046915, 0.192638, -0.366321,
-0.28647, 1.310559, -0.925282, 1.310559, 1.310559, 1.629965,
0.991153, -0.685727, -0.366321, -0.605876, 0.192638, 1.789667,
-1.164836, 0.032935, 1.789667, 0.112787, 0.272489, 1.39041, -1.324539,
-0.84543, 0.591895, -1.084985, 0.751598, 0.512044, -0.206618,
0.991153, 1.071004, -0.526024, 0.512044, 0.591895, 0.991153,
-0.366321, -0.843612, -1.560598, -0.285956, 2.183663, 1.148016,
0.112369, 0.59036, -1.799594, 0.59036, -0.684282, -0.046961,
-1.799594, 0.829355, -0.684282, 1.227681, 2.422658, 0.431029,
-1.560598, 0.032704)
VR <-
structure(c(0, 1, 0, 0, 1, 0, 0, 0, 0, 0, 0, 0, 0, 0, 1, 0, 0,
1, 0, 0, 0, 0, 0, 0, 0, 0, 1, 0, 1, 1, 0, 0, 1, 0, 0, 0, 0, 0,
0, 0, 0, 0, 0, 1, 1, 0, 0, 0, 0, 0, 0, 1, 0, 0, 1, 0, 0, 0, 0,
0, 0, 0, 1, 1, 0, 0, 1, 0, 0, 0, 0, 0, 0, 0, 0, 0, 0, 0, 1, 0,
1, 0, 0, 0, 1, 1, 0, 0, 1, 0, 0, 0, 0, 0, 0, 0, 1, 0, 0, 1, 1,
0, 0, 0, 0, 1, 0, 0, 0, 1, 0, 1, 0, 0, 0, 0, 0, 1, 0, 0, 0, 1,
1, 0, 1, 0, 0, 0, 0, 0, 1, 0, 1, 0, 1, 0, 1, 1, 0, 0, 0, 0, 0,
0, 0, 0, 0, 1, 0, 0, 0, 0, 0, 0, 0, 0, 1, 0, 1, 1, 0, 1, 0, 1,
0, 0, 0, 0, 0, 0, 0, 0, 0, 0, 0, 1, 0, 0, 1, 0, 0, 1, 1, 0, 1,
0, 0, 0, 1, 0, 1, 0, 0, 1, 1, 0, 0, 0, 1, 0, 0, 1, 0, 0, 1, 1,
0, 0, 0, 0, 0, 0, 0, 0, 0, 1, 0, 0, 0, 1, 1, 0, 0, 0, 1, 1, 0,
1, 0, 0, 0, 0, 1, 0, 0, 0, 1, 1, 1, 1, 0, 0, 0, 0, 1, 0, 0, 0,
1, 0, 1, 0, 1, 0, 0, 0, 1, 0, 0, 0, 0, 0, 1, 0, 0, 0, 1, 0, 1,
0, 1, 0, 1, 0, 1, 0, 1, 1, 0, 0, 0, 1, 0, 1, 1, 1, 1, 1, 0, 0,
0, 0, 0, 0, 0, 0, 0, 0, 0, 0, 1, 0, 0, 1, 0, 1, 1, 0, 1, 0, 0,
1, 1, 1, 1, 1, 1, 1, 1, 1, 0, 0, 0, 0, 0, 0, 0, 1, 0, 0, 0, 1,
1, 1, 1, 1, 0, 0, 0, 1, 0, 0, 0, 0, 1, 0, 0, 1, 1, 0, 0, 0, 1,
1, 0, 0, 0, 0, 1, 1, 0, 1, 1, 0, 0, 1, 0, 0, 1, 1, 0, 0, 0, 0,
0, 0, 1, 1, 0, 0, 1, 1, 0, 1, 1, 1, 0, 0, 1, 1, 0, 1, 1, 1, 1,
0, 0, 1, 0, 0, 0, 0, 1, 1, 0, 1, 1, 0, 0, 0, 1, 1, 0, 0, 1, 1,
0, 0, 0, 1, 0, 0, 0, 0, 1, 0, 0, 0, 1, 0, 0, 0, 0, 0, 0, 0, 1,
0, 1, 0, 0, 0, 0, 0, 0, 0, 1, 0, 0, 0, 0, 0, 0, 0, 0, 1, 0, 1,
1, 0, 1, 1, 0, 1, 1, 1, 0, 0, 0, 0, 1, 0, 0, 0, 0, 0, 0, 1, 0,
0, 1, 1, 1, 0, 1, 0, 0, 0, 1, 0, 0, 0, 0, 0, 0, 0, 0, 0, 0, 1,
0, 0, 1, 1, 0, 0, 0, 0, 1, 0, 0, 0, 0, 1, 0, 0, 0, 0, 0, 0, 0,
0, 1, 0, 1, 1, 0, 1, 0, 1, 0, 0, 0, 0, 0, 1, 0, 0, 0, 0, 0, 0,
0, 1, 0, 1, 1, 1, 0, 0, 0, 0, 0, 0, 0, 0, 1, 1, 0, 0, 0, 0, 0,
0, 0, 0, 0, 1, 0, 0, 1, 1, 0, 0, 0, 1, 1, 1, 0, 0, 1, 0, 0, 0,
0, 0, 1, 0, 0, 1, 1, 0, 0, 0, 0, 0, 0, 0, 1, 0, 0, 0, 1, 1, 0,
1, 0, 0, 0, 0, 0, 0, 0, 1, 0, 0, 0, 1, 0, 0, 0, 0, 1, 1, 0, 0,
0, 0, 1, 0, 0, 1, 0, 1, 1, 0, 0, 1, 0, 0, 0, 1, 0, 0, 0, 0, 1,
0, 0, 0, 0, 0, 0, 1, 1, 1, 0, 0, 0, 0, 0, 0, 0, 0, 0, 0, 0, 1,
0, 0, 0, 0, 1, 0, 1, 1, 0, 0, 0, 0, 0, 1, 0, 0, 1, 0, 0, 0, 1,
1, 1, 0, 0, 1, 0, 0, 0, 1, 0, 0, 0, 1, 0, 0, 0, 1, 0, 1, 0, 0,
1, 1, 0, 0, 0, 1, 0, 0, 0, 0, 1, 1, 0, 0, 1, 1, 0, 0, 1, 1, 0,
0, 1, 1, 0, 1, 1, 0, 1, 1, 1, 1, 0, 0, 1, 0, 0, 1, 0, 1, 0, 0,
1, 0, 0, 0, 1, 0, 0, 0, 0, 1, 0, 0, 1, 0, 0, 0, 0, 1, 0, 0, 0,
0, 1, 0, 0, 1, 1, 1, 1, 0, 1, 1, 0, 0, 1, 1, 0, 1, 1, 0, 1, 0,
0, 0, 0, 0, 1, 0, 0, 0, 1, 0, 0, 1, 1, 0, 0, 1, 1, 1, 0, 0, 1,
1, 0, 0, 1, 1, 1, 0, 0, 0, 0, 1, 0, 0, 0, 0, 0, 1, 0, 0, 1, 0,
0, 1, 0, 1, 1, 0, 1, 0, 1, 0, 1, 0, 1, 0, 0, 1, 0, 0, 0, 0, 0,
1, 1, 1, 1, 0, 0, 0, 0, 0, 0, 0, 0, 1, 0, 1, 0, 0, 0, 1, 0, 0,
1, 0, 0, 0, 1, 0, 1, 1, 1, 0, 0, 1, 0, 1, 0, 0, 0, 1, 0, 0, 1,
0, 1, 0, 0, 1, 0, 0, 1, 0, 0, 0, 1, 0, 0, 0, 0, 0, 1, 0, 0, 0,
0, 1, 1, 0, 1, 0, 0, 0, 0, 1, 0, 0, 1, 1, 0, 1, 0, 0, 0, 1, 1,
0, 0, 1, 0, 0, 1, 0, 0, 1, 1, 0, 1, 1, 0, 0, 0, 1, 0, 0, 0, 1,
0, 0, 0, 0, 0, 0, 0, 1, 0, 0, 1, 0, 1, 0, 0, 0, 0, 0, 0, 0, 0,
1, 0, 0, 1, 0, 0, 0, 0, 0, 0, 1, 0, 1, 1, 0, 0, 0, 0, 0, 1, 0,
0, 0, 0, 0, 0, 0, 0, 0, 0, 1, 1, 0, 0, 0, 1, 0, 0, 0, 0, 0, 1,
1, 0, 0, 0, 0, 1, 0, 1, 0, 0, 1, 1, 0, 0, 0, 0, 0, 0, 0, 0, 0,
0, 0, 0, 0, 0, 0, 0, 1, 0, 0, 0, 1, 1, 0, 0, 0, 0, 0, 0, 0, 1,
0, 0, 0, 0, 0, 0, 0, 0, 0, 0, 1, 0, 1, 0, 0, 0, 0, 0, 0, 0, 0,
0, 0, 0, 0, 1, 0, 0, 0, 0, 1, 0, 0, 0, 0, 0, 1, 0, 1, 0, 0, 0,
0, 0, 0, 0, 0, 0, 0, 0, 0, 0, 0, 0, 0, 0, 0, 1, 0, 0, 1, 0, 0,
0, 1, 0, 0, 0, 0, 0, 0, 1, 0, 0, 1, 0, 0, 0, 0, 0, 1, 0, 1, 0,
0, 0, 0, 0, 0, 0, 0, 0, 0, 1, 0, 0, 0, 0, 0, 0, 0, 0, 0, 0, 0,
0, 0, 0, 0, 0, 1, 1, 0, 0, 0, 0, 1, 0, 1, 0, 0, 1, 1, 0, 0, 0,
0, 0, 0, 0, 0, 0, 0, 0, 0, 0, 0, 0, 0, 0, 0, 0, 0, 0, 1, 0, 0,
0, 0, 0, 0, 0, 0, 1, 0, 0, 0, 0, 0, 0, 0, 0, 0, 0, 0, 0, 0, 0,
0, 1, 0, 1, 0, 0, 0, 0, 0, 0, 0, 0, 1, 0, 0, 0, 0, 1, 0, 0, 0,
0, 1, 0, 0, 0, 0, 1, 1, 0, 0, 0, 1, 0, 0, 0, 0, 0, 0, 0, 1, 0,
0, 0, 0, 0, 1, 0, 0, 0, 0, 0, 0, 0, 0, 0, 0, 0, 0, 0, 0, 1, 0,
0, 1, 1, 0, 0, 0, 0, 0, 0, 0, 0, 0, 0, 1, 1, 0, 0, 0, 0, 0, 0,
0, 1, 0, 1, 0, 0, 0, 1, 0, 0, 0, 1, 0, 0, 0, 0, 0, 0, 0, 0, 0,
0, 0, 0, 0, 0, 1, 1, 0, 0, 0, 0, 0, 0, 0, 1, 0, 0, 0, 1, 0, 0,
0, 0, 0, 0, 0, 0, 0, 0, 0, 0, 0, 0, 0, 1, 0, 0, 0, 1, 0, 1, 1,
0, 0, 0, 0, 0, 1, 0, 0, 1, 1, 1, 0, 1, 0, 1, 0, 1, 1, 0, 0, 0,
0, 0, 1, 0, 0, 0, 1, 0, 1, 1, 1, 0, 0, 0, 0, 0, 0, 0, 0, 0, 0,
0, 0, 0, 0, 0, 0, 0, 0, 0, 0, 0, 0, 0, 0, 0, 0, 0, 0, 0, 0, 1,
0, 0, 0, 0, 0, 0, 0, 0, 0, 0, 0, 0, 0, 0, 0, 0, 0, 0, 0, 0, 0,
0, 0, 0, 0, 0, 0, 0, 0, 0, 0, 0, 0, 1, 0, 0, 0, 0, 0, 1, 0, 0,
0, 0, 0, 0, 0, 0, 0, 0, 0, 0, 0, 0, 0, 1, 0, 0, 0, 0, 1, 0, 1,
0, 0, 0, 0, 0, 1, 0, 1, 0, 0, 0, 0, 1, 0, 0, 1, 0, 0, 0, 1, 0,
0, 0, 0, 1, 0, 1, 0, 0, 0, 1, 1, 0, 1, 1, 1, 0, 1, 1, 0, 0, 0,
0, 0, 0, 0, 0, 0, 0, 1, 0, 0, 0, 1, 1, 1, 1, 0, 0, 0, 0, 0, 1,
0, 0, 0, 0, 0, 0, 0, 0, 0, 0, 1, 0, 0, 1, 1, 1, 0, 0, 1, 0, 0,
0, 0, 0, 0, 0, 0, 0, 0, 0, 0, 0, 0, 0, 0, 1, 0, 0, 0, 0, 0, 0,
1, 0, 0, 0, 0, 0, 0, 0, 0, 0, 1, 0, 1, 0, 0, 1, 0, 0, 1, 0, 0,
0, 0, 1, 0, 0, 0, 0, 0, 0, 0, 0, 1, 0, 0, 0, 0, 0, 0, 0, 1, 1,
0, 1, 0, 0, 0, 0, 0, 1, 0, 0, 1, 0, 0, 0, 1, 1, 1, 0, 0, 1, 1,
1, 0, 1, 0, 0, 0, 0, 0, 1, 1, 0, 0, 1, 0, 1, 0, 1, 0, 0, 0, 0,
0, 1, 1, 0, 1, 0, 0, 1, 0, 0, 0, 0, 0, 0, 0, 0, 0, 0, 0, 0, 0,
0, 0, 0, 0, 0, 0, 0, 0, 0, 0, 1, 0, 0, 0, 1, 0, 1, 0, 0, 0, 1,
0, 0, 0, 0, 0, 0, 1, 1, 0, 0, 1, 0, 0, 0, 0, 0, 0, 0, 0, 0, 0,
0, 0, 0, 0, 0, 0, 1, 0, 0, 0, 0, 0, 0, 0, 0, 0, 1, 0, 0, 0, 0,
0, 0, 0, 0, 1, 0, 0, 0, 0, 0, 0, 1, 0, 1, 0, 0, 0, 1, 0, 1, 0,
1, 0, 1, 0, 0, 0, 0, 1, 0, 0, 0, 0, 0, 0, 1, 0, 0, 0, 1, 0, 1,
0, 0, 0, 0, 1, 0, 0, 1, 1, 0, 0, 0, 0, 0, 0, 1, 0, 0, 0, 0, 0,
0, 0, 0, 1, 0, 1, 0, 0, 0, 0, 0, 1, 1, 0, 0, 0, 1, 0, 0, 0, 0,
0, 0, 1, 0, 1, 0, 0, 0, 1, 1, 0, 1, 0, 0, 0, 0, 1, 0, 0, 0, 0,
0, 1, 1, 1, 0, 0, 0, 0, 0, 0, 1, 0, 1, 0, 1, 0, 0, 0, 0, 0, 0,
0, 0, 0, 0, 0, 0, 0, 0, 0, 1, 0, 0, 0, 1, 0, 0, 1, 1, 0, 0, 0,
0, 0, 0, 0, 1, 0, 0, 0, 0, 0, 1, 0, 0, 0, 0, 0, 0, 0, 0, 0, 0,
0, 0, 0, 1, 1, 0, 1, 0, 0, 1, 0, 0, 0, 1, 1, 0, 1, 0, 1, 0, 0,
0, 1, 0, 1, 1, 1, 0, 1, 0, 0, 0, 1, 0, 1, 1, 1, 1, 1, 1, 1, 1,
1, 0, 1, 1, 0, 1, 1, 1, 1, 1, 1, 1, 1, 0, 0, 0, 0, 0, 0, 0, 1,
1, 1, 1, 1, 1, 1, 1, 1, 1, 0, 0, 1, 1, 0, 1, 0, 1, 0, 1, 1, 0,
1, 0, 1, 0, 1, 0, 1, 0, 0, 1, 1, 0, 0, 1, 0, 1, 1, 1, 1, 1, 1,
0, 1, 0, 0, 0, 1, 1, 1, 0, 0, 1, 1, 0, 0, 1, 1, 0, 1, 1, 1, 0,
1, 1, 0, 0, 1, 1, 1, 1, 0, 1, 1, 1, 0, 1, 0, 1, 1, 1, 1, 1, 0,
1, 1, 0, 0, 0, 1, 0, 0, 1, 1, 1, 1, 0, 1, 0, 1, 0, 1, 0, 0, 1,
1, 1, 1, 1, 1, 1, 1, 1, 0, 1, 0, 1, 1, 1, 1, 1, 1, 0, 1, 0, 0,
0, 0, 0, 0, 1, 1, 1, 1, 1, 0, 1, 1, 1, 1, 1, 0, 1, 1, 0, 1, 1,
0, 0, 1, 0, 1, 1, 1, 0, 1, 0, 1, 1, 0, 0, 1, 1, 1, 0, 1, 1, 0,
1, 1, 0, 0, 1, 1, 0, 1, 1, 1, 1, 1, 1, 0, 1, 0, 1, 0, 0, 1, 1,
1, 0, 0, 1, 0, 1, 1, 1, 1, 0, 1, 1, 1, 0, 0, 0, 0, 1, 1, 1, 1,
0, 0, 1, 1, 0, 1, 0, 1, 0, 1, 1, 1, 0, 1, 1, 0, 1, 1, 0, 1, 1,
1, 0, 1, 0, 1, 0, 1, 0, 1, 0, 1, 0, 0, 1, 1, 1, 0, 1, 0, 0, 0,
0, 0, 1, 1, 1, 1, 1, 1, 1, 1, 1, 1, 1, 0, 0, 1, 1, 0, 1, 0, 0,
1, 0, 1, 1, 0, 0, 0, 0, 0, 0, 0, 0, 0, 1, 1, 1, 1, 1, 0, 1, 0,
1, 1, 1, 0, 0, 0, 0, 0, 1, 1, 1, 0, 1, 1, 1, 1, 0, 1, 1, 0, 0,
1, 0, 1, 0, 0, 1, 1, 1, 1, 0, 0, 1, 0, 0, 1, 1, 0, 0, 1, 0, 0,
1, 1, 1, 1, 1, 0, 0, 0, 1, 1, 0, 0, 1, 0, 0, 0, 1, 1, 0, 0, 1,
0, 0, 0, 0, 1, 1, 0, 1, 1, 1, 1, 0, 0, 1, 0, 0, 1, 1, 1, 0, 0,
1, 1, 0, 0, 1, 1, 1, 0, 1, 1, 1, 1, 0, 1, 1, 1, 0, 1, 1, 0, 1,
1, 1, 1, 0, 1, 0, 1, 1, 1, 1, 1, 1, 0, 0, 1, 1, 1, 1, 0, 1, 1,
1, 0, 1, 0, 0, 1, 0, 0, 1, 0, 0, 0, 1, 1, 1, 1, 0, 0, 1, 1, 1,
1, 1, 0, 1, 1, 0, 0, 0, 1, 0, 0, 1, 1, 0, 0, 1, 0, 0, 1, 1, 0,
1, 1, 1, 0, 1, 1, 0, 0, 1, 1, 0, 1, 0, 0, 1, 1, 1, 0, 1, 1, 1,
1, 1, 1, 1, 1, 0, 0, 0, 0, 1, 0, 1, 0, 0, 1, 0, 1, 1, 0, 1, 0,
1, 1, 1, 1, 1, 0, 1, 0, 0, 0, 1, 1, 0, 1, 1, 0, 1, 1, 0, 0, 1,
1, 1, 1, 1, 1, 1, 1, 1, 0, 1, 1, 0, 0, 1, 1, 1, 0, 0, 0, 1, 1,
0, 0, 1, 1, 0, 1, 0, 1, 1, 0, 0, 1, 1, 1, 1, 1, 1, 1, 0, 0, 1,
1, 0, 0, 1, 0, 1, 1, 1, 0, 1, 0, 1, 0, 1, 1, 1, 0, 1, 1, 1, 1,
0, 0, 1, 1, 1, 1, 0, 1, 1, 0, 1, 0, 0, 1, 1, 0, 1, 1, 1, 0, 1,
1, 1, 1, 0, 1, 1, 1, 1, 1, 1, 0, 0, 0, 1, 1, 1, 1, 0, 0, 1, 1,
1, 1, 1, 0, 1, 1, 1, 1, 0, 1, 0, 0, 1, 1, 1, 1, 1, 0, 1, 1, 0,
1, 1, 1, 0, 0, 0, 1, 1, 0, 1, 1, 1, 0, 0, 0, 1, 0, 1, 1, 1, 0,
1, 0, 1, 1, 0, 0, 1, 1, 1, 0, 1, 1, 1, 1, 0, 0, 1, 1, 0, 0, 1,
1, 0, 0, 1, 1, 0, 0, 1, 0, 0, 1, 0, 0, 0, 0, 1, 1, 0, 1, 1, 0,
1, 0, 1, 1, 0, 1, 1, 1, 0, 1, 1, 1, 1, 0, 1, 1, 0, 1, 1, 1, 1,
0, 1, 1, 1, 1, 0, 1, 1, 0, 0, 0, 0, 1, 0, 0, 1, 1, 0, 0, 0, 0,
0, 0, 0, 0, 0, 1, 0, 1, 0, 1, 1, 1, 0, 1, 0, 0, 0, 1, 1, 0, 0,
0, 1, 1, 0, 0, 1, 1, 0, 0, 0, 1, 1, 1, 0, 0, 1, 1, 1, 1, 1, 0,
1, 1, 0, 1, 1, 0, 1, 0, 0, 1, 0, 1, 0, 1, 0, 1, 0, 1, 1, 0, 1,
1, 0, 1, 0, 0, 0, 0, 0, 1, 0, 1, 1, 1, 1, 1, 1, 0, 0, 0, 1, 0,
1, 0, 1, 1, 0, 1, 1, 0, 0, 1, 0, 0, 0, 1, 1, 0, 1, 0, 1, 1, 1,
0, 1, 1, 0, 1, 0, 1, 1, 0, 1, 1, 0, 1, 1, 1, 0, 1, 1, 1, 1, 1,
0, 1, 0, 0, 1, 0, 0, 1, 0, 0, 1, 1, 1, 0, 1, 1, 0, 0, 0, 0, 0,
0, 1, 0, 0, 1, 1, 0, 1, 1, 0, 1, 1, 0, 0, 1, 0, 0, 0, 1, 1, 0,
1, 1, 1, 0, 1, 1, 1, 0, 0, 1, 1, 0, 1, 1, 0, 1, 0, 1, 1, 0, 1,
0, 1, 1, 1, 0, 1, 0, 0, 1, 1, 1, 1, 0, 0, 0, 1, 0, 0, 1, 1, 1,
0, 0, 0, 1, 1, 1, 1, 0, 0, 0, 1, 0, 0, 0, 0, 1, 1, 1, 0, 1, 0,
1, 0, 1, 0, 0, 1, 1, 1, 0, 0, 1, 0, 1, 1, 0, 0, 1, 0, 1, 0, 1,
0, 1, 1, 1, 1, 1, 1, 1, 1, 1, 1, 0, 1, 1, 0, 0, 0, 0, 0, 1, 1,
1, 1, 0, 0, 1, 0, 0, 1, 0, 1, 0, 0, 1, 1, 0, 1, 0, 1, 1, 0, 1,
1, 1, 0, 1, 1, 1, 1, 1, 0, 1, 1, 1, 1, 0, 1, 1, 1, 1, 0, 0, 1,
0, 0, 1, 1, 0, 1, 1, 0, 1, 0, 0, 0, 1, 1, 0, 0, 0, 1, 0, 0, 1,
1, 0, 0, 1, 1, 0, 1, 1, 0, 0, 1, 1, 0, 1, 1, 0, 1, 1, 0, 1, 1,
0, 1, 0, 1, 1, 1, 0, 1, 1, 1, 1, 0, 0, 0, 0, 1, 1, 0, 0, 1, 1,
0, 1, 1, 1, 0, 1, 0, 1, 1, 0, 0, 0, 1, 1, 1, 0, 1, 0, 0, 0, 0,
0, 0, 1, 1, 0, 1, 1, 1, 1, 1, 0, 1, 1, 0, 0, 1, 0, 1, 0, 1, 1,
1, 0, 1, 1, 0, 0, 0, 1, 1, 1, 0, 0, 1, 0, 0, 1, 0, 1, 1, 1, 0,
0, 1, 1, 1, 1, 0, 1, 0, 1, 1, 1, 0, 1, 1, 0, 1, 0, 1, 1, 1, 1,
0, 1, 1, 1, 0, 0, 0, 0, 0, 1, 0, 0, 1, 0, 1, 0, 1, 0, 1, 0, 0,
0, 1, 0, 1, 1, 1, 0, 1, 0, 0, 1, 0, 0, 1, 1, 1, 1, 1, 1, 1, 1,
1, 1, 0, 1, 1, 0, 0, 1, 1, 1, 1, 1, 1, 1, 1, 1, 1, 0, 0, 1, 0,
1, 1, 1, 1, 1, 0, 1, 0, 1, 0, 1, 0, 1, 0, 1, 0, 0, 0, 1, 1, 1,
1, 1, 1, 1, 1, 1, 1, 1, 1, 0, 0, 1, 1, 0, 0, 1, 1, 0, 0, 1, 1,
1, 0, 1, 1, 1, 0, 1, 0, 1, 1, 1, 1, 1, 1, 1, 1, 1, 0, 1, 0, 0,
0, 1, 0, 0, 0, 1, 0, 1, 0, 0, 1, 1, 0, 0, 0, 0, 0, 1, 0, 1, 0,
0, 1, 1, 1, 1, 1, 0, 1, 1, 0, 0, 1, 0, 0, 0, 1, 1, 0, 1, 1, 1,
1, 1, 1, 1, 0, 1, 1, 1, 1, 1, 0, 1, 1, 1, 0, 1, 1, 1, 0, 0, 1,
1, 1, 1, 0, 1, 1, 0, 1, 1, 0, 1, 0, 1, 0, 0, 0, 1, 1, 1, 0, 1,
1, 0, 0, 1, 1, 1, 0, 0, 1, 1, 1, 1, 1, 1, 0, 0, 0, 0, 0, 1, 1,
1, 0, 1, 0, 1, 1, 0, 1, 1, 0, 1, 1, 0, 0, 0, 0, 1, 0, 1, 1, 1,
0, 0, 1, 0, 1, 0, 1, 0, 0, 0, 1, 0, 1, 1, 1, 1, 0, 0, 1, 0, 1,
1, 0, 0, 0, 1, 0, 0, 0, 1, 0, 1, 1, 0, 0, 0, 0, 0, 0, 0, 0, 0,
0, 1, 1, 1, 1, 1, 1, 1, 1, 1, 0, 0, 1, 1, 1, 0, 0, 0, 0, 1, 0,
1, 1, 1, 0, 1, 0, 1, 0, 1, 0, 1, 1, 1, 0, 0, 0, 0, 0, 0, 0, 0,
1, 0, 1, 0, 1, 1, 1, 1, 1, 1, 1, 1, 1, 1, 1, 1, 1, 1, 0, 1, 1,
0, 1, 1, 1, 0, 1, 1, 1, 1, 1, 1, 1, 1, 1, 0, 0, 0, 1, 1, 0, 1,
1, 0, 1, 1, 1, 1, 0, 1, 1, 0, 1, 0, 1, 1, 1, 0, 1, 0, 1, 0, 1,
1, 1, 0, 0, 1, 0, 1, 1, 1, 0, 1, 0, 1, 1, 0, 1, 0, 1, 0, 0, 0,
1, 1, 0, 0, 0, 1, 0, 1, 1, 1, 1, 1, 0, 0, 1, 1, 0, 1, 0, 1, 0,
0, 1, 1, 1, 1, 0, 0, 1, 0, 0, 0, 0, 0, 1, 1, 0, 1, 0, 0, 0, 0,
1, 1, 1, 0, 0, 0, 0, 1, 1, 1, 1, 1, 1, 0, 0, 1, 1, 1, 0, 1, 0,
1, 1, 1, 0, 1, 1, 1, 1, 0, 1, 0, 0, 0, 1, 0, 1, 1, 0, 1, 1, 1,
0, 0, 1, 1, 0, 1, 1, 1, 1, 1, 0, 1, 1, 1, 1, 1, 0, 1, 1, 1, 0,
0, 0, 1, 1, 1, 1, 0, 1, 0, 1, 1, 1, 1, 0, 1, 0, 1, 0, 1, 1, 1,
0, 1, 0, 0, 0, 0, 0, 1, 1, 1, 0, 0, 0, 0, 1, 1, 1, 1, 0, 1, 0,
1, 0, 0, 0, 1, 1, 1, 1, 0, 1, 0, 0, 0, 1, 1, 1, 1, 1, 1, 0, 0,
1, 1, 1, 1, 1, 1, 0, 0, 1, 0, 1, 1, 1, 0, 1, 0, 0, 1, 1, 1, 0,
1, 0, 1, 1, 1, 1, 0, 1, 0, 1, 1, 1, 0, 0, 0, 0, 1, 1, 0, 0, 0,
1, 1, 0, 1, 1, 0, 0, 0, 1, 0, 1, 1, 0, 1, 0, 1, 0, 1, 0, 0, 1,
0, 0, 0, 1, 1, 0, 1, 0, 1, 1, 1, 1, 0, 0, 1, 1, 1, 0, 1, 1, 0,
0, 1, 1, 1, 1, 1, 1, 1, 0, 1, 1, 1, 1, 1, 0, 1, 1, 1, 1, 1, 1,
0, 1, 1, 0, 1, 1, 1, 0, 0, 0, 0, 1, 1, 0, 1, 0, 1, 0, 0, 1, 0,
0, 0, 1, 1, 1, 0, 1, 0, 0, 0, 0, 0), .Dim = c(1978, 2))
data <- list(
Gender = Gender,
LRT = LRT,
M = M,
N = N,
R = R,
school = school,
School_denom = School_denom,
School_gender = School_gender,
Y = Y,
VR = VR
)
source("GitHub/bayes-project-1/data/schools.data.R")
source("~/.active-rstudio-document", echo=TRUE)
source("~/GitHub/bayes-project-1/R version/__init__.R", echo=TRUE)
source("data/schools.data.R")
source("~/GitHub/bayes-project-1/R version/__init__.R", echo=TRUE)
source("~/GitHub/bayes-project-1/R version/__init__.R")
source("~/GitHub/bayes-project-1/R version/__init__.R", echo=TRUE)
source("schools.data")
source("schools.data.R")
source("~/GitHub/bayes-project-1/R version/__init__.R", echo=TRUE)
source("schools.data.R")
source("schools.data.R")
source("schools.data.R")
source("schools.data.R")
source("~/GitHub/bayes-project-1/R version/schools.data.R", echo=TRUE)
source("schools.data.R")
getwd()
source("GitHub/bayes-project-1/R version/schools.data.R")
source("GitHub/bayes-project-1/R version/schools.data.R")
source("schools.data.R")
setwd("~/GitHub/bayes-project-1/R version")
source("schools.data.R")
data <- list(
Gender = Gender,
LRT = LRT,
M = M,
N = N,
R = R,
school = school,
School_denom = School_denom,
School_gender = School_gender,
Y = Y,
VR = VR
)
setwd("~/GitHub/bayes-project-1")
source("data/schools.data.R")
source("data/schools.data.R")
data <- list(
Gender = Gender,
LRT = LRT,
M = M,
N = N,
R = R,
school = school,
School_denom = School_denom,
School_gender = School_gender,
Y = Y,
VR = VR
)
View(data)
View(data)
View(School_denom)
View(School_denom)
View(School_gender)
View(School_gender)
View(VR)
View(VR)
View(School_gender)
View(VR)
View(VR)
View(data)
View(data)
View(R)
View(R)
View(data)
View(data)
